0 1 260396.00 170.217926 
0 2 73447.00 175.490402 
0 3 1634.00 332.669983 
0 4 17330.00 254.702835 
0 5 30768.00 141.784805 
0 6 85025.00 147.678177 
0 7 3533.00 415.428589 
0 8 91672.00 115.152267 
0 9 7075.00 324.183716 
0 10 27275.00 217.988495 
0 11 6420.00 184.307129 
0 12 15893.00 184.901398 
1 0 240658.00 170.217926 
1 2 155770.00 194.903595 
1 3 54944.00 162.530304 
1 4 63322.00 408.571686 
1 5 19568.00 249.357819 
1 6 656457.00 95.112434 
1 7 43388.00 277.502319 
1 8 89259.00 284.788635 
1 9 37786.00 197.897034 
1 10 240909.00 128.127533 
1 11 21434.00 337.440277 
1 12 111549.00 153.810074 
2 0 72549.00 175.490402 
2 1 115546.00 194.903595 
2 3 2793.00 318.129517 
2 4 13180.00 279.904694 
2 5 87144.00 105.958054 
2 6 81699.00 100.042519 
2 7 26557.00 303.702789 
2 8 27961.00 231.914597 
2 9 22089.00 214.800262 
2 10 204456.00 117.931046 
2 11 10850.00 220.719879 
2 12 5301.00 311.739319 
3 0 2512.00 332.669983 
3 1 61689.00 162.530304 
3 2 3145.00 318.129517 
3 4 843.00 565.928833 
3 5 391.00 397.865906 
3 6 4423.00 228.228577 
3 7 9751.00 206.560349 
3 8 2955.00 447.314636 
3 9 31123.00 180.712402 
3 10 11149.00 206.414719 
3 11 365.00 495.637421 
3 12 9600.00 256.198273 
4 0 18862.00 254.702835 
4 1 88088.00 408.571686 
4 2 13927.00 279.904694 
4 3 744.00 565.928833 
4 5 19811.00 176.189621 
4 6 7548.00 341.685638 
4 7 5769.00 583.588867 
4 8 53071.00 158.157867 
4 9 5064.00 494.269318 
4 10 17848.00 391.250214 
4 11 128594.00 71.422050 
4 12 2275.00 433.991180 
5 0 29984.00 141.784805 
5 1 24449.00 249.357819 
5 2 84164.00 105.958054 
5 3 287.00 397.865906 
5 4 16371.00 176.189621 
5 6 8052.00 169.935410 
5 7 3550.00 408.813660 
5 8 56179.00 143.161789 
5 9 3310.00 318.587311 
5 10 14320.00 215.123367 
5 11 54120.00 114.762199 
5 12 1273.00 320.174683 
6 0 83005.00 147.678177 
6 1 847261.00 95.112434 
6 2 79551.00 100.042519 
6 3 3662.00 228.228577 
6 4 6641.00 341.685638 
6 5 7871.00 169.935410 
6 7 7329.00 268.843658 
6 8 12085.00 246.178406 
6 9 14238.00 176.926285 
6 10 326810.00 70.607147 
6 11 5734.00 273.356018 
6 12 6706.00 226.381088 
7 0 5108.00 415.428589 
7 1 47270.00 277.502319 
7 2 37166.00 303.702789 
7 3 10050.00 206.560349 
7 4 7003.00 583.588867 
7 5 3558.00 408.813660 
7 6 11983.00 268.843658 
7 8 6542.00 513.323914 
7 9 91568.00 92.542496 
7 10 48378.00 201.502274 
7 11 3623.00 523.078979 
7 12 1331.00 422.523834 
8 0 91155.00 115.152267 
8 1 64692.00 284.788635 
8 2 27494.00 231.914597 
8 3 2400.00 447.314636 
8 4 54738.00 158.157867 
8 5 49449.00 143.161789 
8 6 13287.00 246.178406 
8 7 5233.00 513.323914 
8 9 7665.00 420.796814 
8 10 17304.00 311.851868 
8 11 104950.00 99.261047 
8 12 4314.00 279.733154 
9 0 5240.00 324.183716 
9 1 30177.00 197.897034 
9 2 26978.00 214.800262 
9 3 29252.00 180.712402 
9 4 3952.00 494.269318 
9 5 2714.00 318.587311 
9 6 17319.00 176.926285 
9 7 89720.00 92.542496 
9 8 7651.00 420.796814 
9 10 224273.00 108.960556 
9 11 2545.00 432.238586 
9 12 3817.00 349.601471 
10 0 30225.00 217.988495 
10 1 256010.00 128.127533 
10 2 215239.00 117.931046 
10 3 10967.00 206.414719 
10 4 17245.00 391.250214 
10 5 14799.00 215.123367 
10 6 346212.00 70.607147 
10 7 39535.00 201.502274 
10 8 21059.00 311.851868 
10 9 210354.00 108.960556 
10 11 8538.00 326.681183 
10 12 7449.00 278.561310 
11 0 7119.00 184.307129 
11 1 19080.00 337.440277 
11 2 8194.00 220.719879 
11 3 282.00 495.637421 
11 4 130058.00 71.422050 
11 5 49671.00 114.762199 
11 6 3442.00 273.356018 
11 7 2117.00 523.078979 
11 8 104625.00 99.261047 
11 9 1676.00 432.238586 
11 10 6210.00 326.681183 
11 12 959.00 365.888824 
12 0 15841.00 184.901398 
12 1 121068.00 153.810074 
12 2 4663.00 311.739319 
12 3 14253.00 256.198273 
12 4 1336.00 433.991180 
12 5 1808.00 320.174683 
12 6 6223.00 226.381088 
12 7 1999.00 422.523834 
12 8 4615.00 279.733154 
12 9 3795.00 349.601471 
12 10 7454.00 278.561310 
12 11 2121.00 365.888824 
