0 1 260.3960 1.702179
0 2 73.4470 1.754904
0 3 1.6340 3.326700
0 4 17.3300 2.547028
0 5 30.7680 1.417848
0 6 85.0250 1.476782
0 7 3.5330 4.154286
0 8 91.6720 1.151523
0 9 7.0750 3.241837
0 10 27.2750 2.179885
0 11 6.4200 1.843071
0 12 15.8930 1.849014
1 0 240.6580 1.702179
1 2 155.7700 1.949036
1 3 54.9440 1.625303
1 4 63.3220 4.085717
1 5 19.5680 2.493578
1 6 656.4570 0.951124
1 7 43.3880 2.775023
1 8 89.2590 2.847886
1 9 37.7860 1.978970
1 10 240.9090 1.281275
1 11 21.4340 3.374403
1 12 111.5490 1.538101
2 0 72.5490 1.754904
2 1 115.5460 1.949036
2 3 2.7930 3.181295
2 4 13.1800 2.799047
2 5 87.1440 1.059581
2 6 81.6990 1.000425
2 7 26.5570 3.037028
2 8 27.9610 2.319146
2 9 22.0890 2.148003
2 10 204.4560 1.179310
2 11 10.8500 2.207199
2 12 5.3010 3.117393
3 0 2.5120 3.326700
3 1 61.6890 1.625303
3 2 3.1450 3.181295
3 4 0.8430 5.659288
3 5 0.3910 3.978659
3 6 4.4230 2.282286
3 7 9.7510 2.065603
3 8 2.9550 4.473146
3 9 31.1230 1.807124
3 10 11.1490 2.064147
3 11 0.3650 4.956374
3 12 9.6000 2.561983
4 0 18.8620 2.547028
4 1 88.0880 4.085717
4 2 13.9270 2.799047
4 3 0.7440 5.659288
4 5 19.8110 1.761896
4 6 7.5480 3.416856
4 7 5.7690 5.835889
4 8 53.0710 1.581579
4 9 5.0640 4.942693
4 10 17.8480 3.912502
4 11 128.5940 0.714221
4 12 2.2750 4.339912
5 0 29.9840 1.417848
5 1 24.4490 2.493578
5 2 84.1640 1.059581
5 3 0.2870 3.978659
5 4 16.3710 1.761896
5 6 8.0520 1.699354
5 7 3.5500 4.088137
5 8 56.1790 1.431618
5 9 3.3100 3.185873
5 10 14.3200 2.151234
5 11 54.1200 1.147622
5 12 1.2730 3.201747
6 0 83.0050 1.476782
6 1 847.2610 0.951124
6 2 79.5510 1.000425
6 3 3.6620 2.282286
6 4 6.6410 3.416856
6 5 7.8710 1.699354
6 7 7.3290 2.688437
6 8 12.0850 2.461784
6 9 14.2380 1.769263
6 10 326.8100 0.706071
6 11 5.7340 2.733560
6 12 6.7060 2.263811
7 0 5.1080 4.154286
7 1 47.2700 2.775023
7 2 37.1660 3.037028
7 3 10.0500 2.065603
7 4 7.0030 5.835889
7 5 3.5580 4.088137
7 6 11.9830 2.688437
7 8 6.5420 5.133239
7 9 91.5680 0.925425
7 10 48.3780 2.015023
7 11 3.6230 5.230790
7 12 1.3310 4.225238
8 0 91.1550 1.151523
8 1 64.6920 2.847886
8 2 27.4940 2.319146
8 3 2.4000 4.473146
8 4 54.7380 1.581579
8 5 49.4490 1.431618
8 6 13.2870 2.461784
8 7 5.2330 5.133239
8 9 7.6650 4.207968
8 10 17.3040 3.118519
8 11 104.9500 0.992610
8 12 4.3140 2.797332
9 0 5.2400 3.241837
9 1 30.1770 1.978970
9 2 26.9780 2.148003
9 3 29.2520 1.807124
9 4 3.9520 4.942693
9 5 2.7140 3.185873
9 6 17.3190 1.769263
9 7 89.7200 0.925425
9 8 7.6510 4.207968
9 10 224.2730 1.089606
9 11 2.5450 4.322386
9 12 3.8170 3.496015
10 0 30.2250 2.179885
10 1 256.0100 1.281275
10 2 215.2390 1.179310
10 3 10.9670 2.064147
10 4 17.2450 3.912502
10 5 14.7990 2.151234
10 6 346.2120 0.706071
10 7 39.5350 2.015023
10 8 21.0590 3.118519
10 9 210.3540 1.089606
10 11 8.5380 3.266812
10 12 7.4490 2.785613
11 0 7.1190 1.843071
11 1 19.0800 3.374403
11 2 8.1940 2.207199
11 3 0.2820 4.956374
11 4 130.0580 0.714221
11 5 49.6710 1.147622
11 6 3.4420 2.733560
11 7 2.1170 5.230790
11 8 104.6250 0.992610
11 9 1.6760 4.322386
11 10 6.2100 3.266812
11 12 0.9590 3.658888
12 0 15.8410 1.849014
12 1 121.0680 1.538101
12 2 4.6630 3.117393
12 3 14.2530 2.561983
12 4 1.3360 4.339912
12 5 1.8080 3.201747
12 6 6.2230 2.263811
12 7 1.9990 4.225238
12 8 4.6150 2.797332
12 9 3.7950 3.496015
12 10 7.4540 2.785613
12 11 2.1210 3.658888
